// Generated by Wraith - Game extraction tools
// Please credit DTZxPorter for using it!
MODEL
VERSION 6

NUMBONES 66
BONE 0 -1 "tag_origin"
BONE 1 0 "tag_sync"
BONE 2 0 "tag_view"
BONE 3 2 "tag_ads"
BONE 4 2 "tag_cambone"
BONE 5 4 "tag_camera"
BONE 6 3 "tag_torso"
BONE 7 6 "j_shoulder_le"
BONE 8 6 "j_shoulder_ri"
BONE 9 5 "tag_gasmask"
BONE 10 5 "tag_gasmask2"
BONE 11 5 "tag_player"
BONE 12 6 "tag_weapon"
BONE 13 7 "j_elbow_le"
BONE 14 8 "j_elbow_ri"
BONE 15 13 "j_sleave_reshape_bottom_le_1"
BONE 16 13 "j_sleave_reshape_bottom_le_2"
BONE 17 13 "j_sleave_reshape_top_le_1"
BONE 18 13 "j_sleave_reshape_top_le_2"
BONE 19 13 "j_sleave_reshape_top_le_3"
BONE 20 14 "j_sleave_reshape_top_ri_1"
BONE 21 14 "j_sleave_reshape_top_ri_2"
BONE 22 14 "j_sleave_reshape_top_ri_3"
BONE 23 13 "j_wrist_le"
BONE 24 14 "j_wrist_ri"
BONE 25 13 "j_wristtwist_le"
BONE 26 14 "j_wristtwist_ri"
BONE 27 23 "j_index_le_0"
BONE 28 24 "j_index_ri_0"
BONE 29 23 "j_mid_le_0"
BONE 30 24 "j_mid_ri_0"
BONE 31 23 "j_pinkypalm_le"
BONE 32 24 "j_pinkypalm_ri"
BONE 33 23 "j_ringpalm_le"
BONE 34 24 "j_ringpalm_ri"
BONE 35 23 "j_thumb_le_0"
BONE 36 24 "j_thumb_ri_0"
BONE 37 23 "j_webbing_le"
BONE 38 24 "j_webbing_ri"
BONE 39 23 "tag_knife_attach"
BONE 40 23 "tag_weapon_left"
BONE 41 24 "tag_weapon_right"
BONE 42 27 "j_index_le_1"
BONE 43 28 "j_index_ri_1"
BONE 44 29 "j_mid_le_1"
BONE 45 30 "j_mid_ri_1"
BONE 46 31 "j_pinky_le_0"
BONE 47 32 "j_pinky_ri_0"
BONE 48 33 "j_ring_le_0"
BONE 49 34 "j_ring_ri_0"
BONE 50 35 "j_thumb_le_1"
BONE 51 36 "j_thumb_ri_1"
BONE 52 42 "j_index_le_2"
BONE 53 43 "j_index_ri_2"
BONE 54 44 "j_mid_le_2"
BONE 55 45 "j_mid_ri_2"
BONE 56 46 "j_pinky_le_1"
BONE 57 47 "j_pinky_ri_1"
BONE 58 48 "j_ring_le_1"
BONE 59 49 "j_ring_ri_1"
BONE 60 50 "j_thumb_le_2"
BONE 61 51 "j_thumb_ri_2"
BONE 62 56 "j_pinky_le_2"
BONE 63 57 "j_pinky_ri_2"
BONE 64 58 "j_ring_le_2"
BONE 65 59 "j_ring_ri_2"

BONE 0
OFFSET 0.000000, 0.000000, 0.000000
SCALE 1.000000, 1.000000, 1.000000
X 1.000000, 0.000000, 0.000000
Y 0.000000, 1.000000, 0.000000
Z 0.000000, 0.000000, 1.000000

BONE 1
OFFSET 0.000000, 0.000000, 0.000000
SCALE 1.000000, 1.000000, 1.000000
X -1.000000, 0.000000, 0.000000
Y 0.000000, -1.000000, 0.000000
Z 0.000000, 0.000000, 1.000000

BONE 2
OFFSET 0.000000, 0.000000, 60.000000
SCALE 1.000000, 1.000000, 1.000000
X 1.000000, 0.000000, 0.000000
Y 0.000000, 1.000000, 0.000000
Z 0.000000, 0.000000, 1.000000

BONE 3
OFFSET 0.000000, 0.000000, 60.000000
SCALE 1.000000, 1.000000, 1.000000
X 1.000000, 0.000000, 0.000000
Y 0.000000, 1.000000, 0.000000
Z 0.000000, 0.000000, 1.000000

BONE 4
OFFSET 0.000000, 0.000000, 60.000000
SCALE 1.000000, 1.000000, 1.000000
X 1.000000, 0.000000, 0.000000
Y 0.000000, 1.000000, 0.000000
Z 0.000000, 0.000000, 1.000000

BONE 5
OFFSET 0.000000, 0.000000, 60.000000
SCALE 1.000000, 1.000000, 1.000000
X 1.000000, 0.000000, 0.000000
Y 0.000000, 1.000000, 0.000000
Z 0.000000, 0.000000, 1.000000

BONE 6
OFFSET -4.631834, 0.000000, 58.623047
SCALE 1.000000, 1.000000, 1.000000
X 1.000000, 0.000000, 0.000000
Y 0.000000, 1.000000, 0.000000
Z 0.000000, 0.000000, 1.000000

BONE 7
OFFSET -3.506030, 7.937290, 56.813091
SCALE 1.000000, 1.000000, 1.000000
X 0.473013, 0.011286, -0.880982
Y 0.446796, -0.864879, 0.228812
Z -0.759362, -0.501850, -0.414141

BONE 8
OFFSET -3.506032, -7.937284, 56.813091
SCALE 1.000000, 1.000000, 1.000000
X -0.472958, 0.011498, 0.881006
Y -0.446887, -0.864879, -0.228620
Z 0.759339, -0.501840, 0.414196

BONE 9
OFFSET 1.540442, 0.000000, 64.135750
SCALE 1.000000, 1.000000, 1.000000
X 1.000000, 0.000000, 0.000000
Y 0.000000, 1.000000, 0.000000
Z 0.000000, 0.000000, 1.000000

BONE 10
OFFSET -4.631834, 0.000000, 58.623047
SCALE 1.000000, 1.000000, 1.000000
X 1.000000, 0.000000, 0.000000
Y 0.000000, 1.000000, 0.000000
Z 0.000000, 0.000000, 1.000000

BONE 11
OFFSET 0.000000, 0.000000, 60.000000
SCALE 1.000000, 1.000000, 1.000000
X 1.000000, 0.000000, 0.000000
Y 0.000000, 1.000000, 0.000000
Z 0.000000, 0.000000, 1.000000

BONE 12
OFFSET 10.527968, 0.000000, 51.870323
SCALE 1.000000, 1.000000, 1.000000
X 1.000000, 0.000000, 0.000000
Y 0.000000, 1.000000, 0.000000
Z 0.000000, 0.000000, 1.000000

BONE 13
OFFSET 2.214529, 8.073780, 46.158569
SCALE 1.000000, 1.000000, 1.000000
X 0.999978, -0.002778, 0.005960
Y -0.005999, -0.014203, 0.999881
Z -0.002693, -0.999895, -0.014219

BONE 14
OFFSET 2.213910, -8.076346, 46.158283
SCALE 1.000000, 1.000000, 1.000000
X -0.999975, -0.002688, -0.005902
Y 0.005940, -0.014394, -0.999877
Z 0.002602, -0.999891, 0.014413

BONE 15
OFFSET 12.125324, 8.957942, 45.174339
SCALE 1.000000, 1.000000, 1.000000
X 1.000000, 0.000026, 0.000024
Y -0.000026, 1.000000, -0.000204
Z -0.000024, 0.000204, 1.000000

BONE 16
OFFSET 11.739448, 7.334917, 44.949497
SCALE 1.000000, 1.000000, 1.000000
X 1.000000, 0.000026, 0.000024
Y -0.000026, 1.000000, -0.000204
Z -0.000024, 0.000204, 1.000000

BONE 17
OFFSET 12.634724, 8.809984, 47.714973
SCALE 1.000000, 1.000000, 1.000000
X 1.000000, 0.000026, 0.000024
Y -0.000026, 1.000000, -0.000204
Z -0.000024, 0.000204, 1.000000

BONE 18
OFFSET 12.530292, 7.482572, 47.911358
SCALE 1.000000, 1.000000, 1.000000
X 1.000000, 0.000026, 0.000024
Y -0.000026, 1.000000, -0.000204
Z -0.000024, 0.000204, 1.000000

BONE 19
OFFSET 12.150340, 6.891029, 46.941101
SCALE 1.000000, 1.000000, 1.000000
X 1.000000, 0.000026, 0.000024
Y -0.000026, 1.000000, -0.000204
Z -0.000024, 0.000204, 1.000000

BONE 20
OFFSET 12.634109, -8.813209, 47.714199
SCALE 1.000000, 1.000000, 1.000000
X -0.999989, 0.000117, 0.000034
Y 0.000117, 1.000000, 0.000012
Z -0.000034, 0.000012, -0.999989

BONE 21
OFFSET 12.529819, -7.485747, 47.910343
SCALE 1.000000, 1.000000, 1.000000
X -0.999989, 0.000117, 0.000034
Y 0.000117, 1.000000, 0.000012
Z -0.000034, 0.000012, -0.999989

BONE 22
OFFSET 12.149878, -6.894341, 46.939987
SCALE 1.000000, 1.000000, 1.000000
X -0.999989, 0.000117, 0.000034
Y 0.000117, 1.000000, 0.000012
Z -0.000034, 0.000012, -0.999989

BONE 23
OFFSET 13.785378, 8.041635, 46.227535
SCALE 1.000000, 1.000000, 1.000000
X 0.996700, -0.023016, 0.077848
Y -0.077671, 0.008478, 0.996933
Z -0.023605, -0.999689, 0.006662

BONE 24
OFFSET 13.784769, -8.045246, 46.226585
SCALE 1.000000, 1.000000, 1.000000
X -0.996682, -0.022940, -0.077786
Y 0.077615, 0.008281, -0.996937
Z 0.023513, -0.999691, -0.006450

BONE 25
OFFSET 10.719771, 8.050151, 46.209263
SCALE 1.000000, 1.000000, 1.000000
X 0.999978, -0.002778, 0.005960
Y -0.005999, -0.014203, 0.999881
Z -0.002693, -0.999895, -0.014219

BONE 26
OFFSET 10.719139, -8.053484, 46.208485
SCALE 1.000000, 1.000000, 1.000000
X -0.999975, -0.002688, -0.005902
Y 0.005940, -0.014394, -0.999877
Z 0.002602, -0.999891, 0.014413

BONE 27
OFFSET 17.619251, 8.329862, 47.280319
SCALE 1.000000, 1.000000, 1.000000
X 0.770378, -0.621819, 0.140893
Y -0.611712, -0.783123, -0.111660
Z 0.179774, -0.000167, -0.983674

BONE 28
OFFSET 17.618668, -8.333630, 47.279202
SCALE 1.000000, 1.000000, 1.000000
X -0.770407, -0.621775, -0.140729
Y 0.611646, -0.783154, 0.111775
Z -0.179717, 0.000038, 0.983718

BONE 29
OFFSET 17.592993, 8.143809, 46.191677
SCALE 1.000000, 1.000000, 1.000000
X 0.786591, -0.616944, 0.025650
Y -0.616625, -0.787028, -0.019839
Z 0.032426, -0.000211, -0.999493

BONE 30
OFFSET 17.592354, -8.147778, 46.190498
SCALE 1.000000, 1.000000, 1.000000
X -0.786665, -0.616876, -0.025487
Y 0.616553, -0.787078, 0.019954
Z -0.032369, -0.000017, 0.999476

BONE 31
OFFSET 14.707185, 7.811037, 45.227280
SCALE 1.000000, 1.000000, 1.000000
X 0.860538, -0.066661, -0.504999
Y -0.090723, -0.995563, -0.023172
Z -0.501236, 0.065756, -0.862762

BONE 32
OFFSET 14.706535, -7.814958, 45.226192
SCALE 1.000000, 1.000000, 1.000000
X -0.860469, -0.066485, 0.505060
Y 0.090633, -0.995563, 0.023358
Z 0.501290, 0.065876, 0.862764

BONE 33
OFFSET 14.878077, 7.951204, 45.906010
SCALE 1.000000, 1.000000, 1.000000
X 0.972227, -0.030481, -0.232045
Y -0.040545, -0.998379, -0.038725
Z -0.230500, 0.047058, -0.971885

BONE 34
OFFSET 14.877447, -7.955008, 45.904968
SCALE 1.000000, 1.000000, 1.000000
X -0.972165, -0.030347, 0.232106
Y 0.040456, -0.998372, 0.038914
Z 0.230559, 0.047223, 0.971911

BONE 35
OFFSET 14.149081, 7.628969, 47.227375
SCALE 1.000000, 1.000000, 1.000000
X 0.614043, -0.475435, 0.630000
Y -0.500897, 0.382135, 0.776564
Z -0.609951, -0.792409, -0.003497

BONE 36
OFFSET 14.148565, -7.632444, 47.226288
SCALE 1.000000, 1.000000, 1.000000
X -0.614083, -0.475499, -0.629872
Y 0.500887, 0.381942, -0.776665
Z 0.609877, -0.792463, 0.003651

BONE 37
OFFSET 16.721926, 7.448292, 48.054024
SCALE 1.000000, 1.000000, 1.000000
X 0.946248, -0.301269, -0.117684
Y 0.309141, 0.949412, 0.055191
Z 0.095103, -0.088606, 0.991516

BONE 38
OFFSET 16.721083, -7.419562, 48.052830
SCALE 1.000000, 1.000000, 1.000000
X -0.946222, -0.301160, 0.117796
Y -0.309057, 0.949430, -0.055355
Z -0.095167, -0.088787, -0.991447

BONE 39
OFFSET 16.493498, 6.451229, 45.911476
SCALE 1.000000, 1.000000, 1.000000
X -0.281331, 0.000222, -0.959588
Y 0.023571, 0.999700, -0.006679
Z 0.959299, -0.024498, -0.281252

BONE 40
OFFSET 10.528536, 0.000406, 51.872173
SCALE 1.000000, 1.000000, 1.000000
X 0.000097, -0.999975, 0.000153
Y 0.999975, 0.000097, 0.000031
Z -0.000031, 0.000153, 1.000000

BONE 41
OFFSET 10.528980, -0.002655, 51.869850
SCALE 1.000000, 1.000000, 1.000000
X -0.000111, -0.999995, -0.000015
Y 0.998872, -0.000110, -0.047377
Z 0.047377, -0.000020, 0.998877

BONE 42
OFFSET 18.975611, 7.235037, 47.528385
SCALE 1.000000, 1.000000, 1.000000
X 0.426104, -0.903288, 0.049574
Y -0.880171, -0.426529, -0.207968
Z 0.209011, 0.044976, -0.976793

BONE 43
OFFSET 18.975147, -7.238876, 47.526966
SCALE 1.000000, 1.000000, 1.000000
X -0.426102, -0.903257, -0.049376
Y 0.880142, -0.426567, 0.207999
Z -0.208951, 0.045182, 0.976881

BONE 44
OFFSET 19.129646, 6.938585, 46.241783
SCALE 1.000000, 1.000000, 1.000000
X 0.028182, -0.999554, -0.010737
Y -0.999570, -0.028295, 0.008827
Z -0.009127, 0.010483, -0.999922

BONE 45
OFFSET 19.129114, -6.942691, 46.240307
SCALE 1.000000, 1.000000, 1.000000
X -0.028289, -0.999548, 0.010930
Y 0.999565, -0.028387, -0.008879
Z 0.009185, 0.010674, 0.999901

BONE 46
OFFSET 16.702551, 7.529599, 44.215420
SCALE 1.000000, 1.000000, 1.000000
X 0.856308, -0.436546, -0.275968
Y -0.415442, -0.899641, 0.134093
Z -0.306821, -0.000174, -0.951727

BONE 47
OFFSET 16.701878, -7.533882, 44.214172
SCALE 1.000000, 1.000000, 1.000000
X -0.856290, -0.436414, 0.276100
Y 0.415351, -0.899701, -0.133944
Z 0.306875, -0.000019, 0.951749

BONE 48
OFFSET 17.368010, 7.901118, 45.160244
SCALE 1.000000, 1.000000, 1.000000
X 0.831799, -0.508786, -0.221880
Y -0.491539, -0.860790, 0.131350
Z -0.257844, -0.000188, -0.966090

BONE 49
OFFSET 17.367350, -7.905281, 45.159046
SCALE 1.000000, 1.000000, 1.000000
X -0.831735, -0.508667, 0.222025
Y 0.491452, -0.860857, -0.131212
Z 0.257898, -0.000026, 0.966170

BONE 50
OFFSET 15.390184, 6.597044, 48.664204
SCALE 1.000000, 1.000000, 1.000000
X 0.914600, -0.402905, 0.034285
Y -0.079033, -0.094967, 0.992342
Z -0.396563, -0.910305, -0.118700

BONE 51
OFFSET 15.389853, -6.600350, 48.662857
SCALE 1.000000, 1.000000, 1.000000
X -0.914641, -0.402828, -0.034156
Y 0.078968, -0.095163, -0.992326
Z 0.396485, -0.910317, 0.118847

BONE 52
OFFSET 19.480896, 6.134137, 47.647999
SCALE 1.000000, 1.000000, 1.000000
X 0.139903, -0.988382, 0.058792
Y -0.965301, -0.149284, -0.214036
Z 0.220338, -0.026818, -0.974970

BONE 53
OFFSET 19.480534, -6.138000, 47.646324
SCALE 1.000000, 1.000000, 1.000000
X -0.139911, -0.988378, -0.058594
Y 0.965298, -0.149330, 0.214009
Z -0.220284, -0.026611, 0.975072

BONE 54
OFFSET 19.170822, 5.478614, 46.226101
SCALE 1.000000, 1.000000, 1.000000
X -0.530245, -0.847825, 0.002885
Y -0.845543, 0.529077, 0.071599
Z -0.062231, 0.035526, -0.997413

BONE 55
OFFSET 19.170460, -5.482734, 46.224312
SCALE 1.000000, 1.000000, 1.000000
X 0.530184, -0.847873, -0.002753
Y 0.845586, 0.528987, -0.071749
Z 0.062291, 0.035712, 0.997419

BONE 56
OFFSET 17.914898, 6.911531, 43.824703
SCALE 1.000000, 1.000000, 1.000000
X 0.129563, -0.990975, -0.033704
Y -0.958709, -0.133822, 0.250816
Z -0.253070, -0.000178, -0.967394

BONE 57
OFFSET 17.914268, -6.916016, 43.823292
SCALE 1.000000, 1.000000, 1.000000
X -0.129596, -0.990955, 0.033901
Y 0.958681, -0.133956, -0.250844
Z 0.253125, -0.000015, 0.967433

BONE 58
OFFSET 18.784136, 7.034868, 44.782478
SCALE 1.000000, 1.000000, 1.000000
X 0.018807, -0.999786, 0.002180
Y -0.972619, -0.017721, 0.231571
Z -0.231491, -0.006468, -0.972744

BONE 59
OFFSET 18.783550, -7.039231, 44.781033
SCALE 1.000000, 1.000000, 1.000000
X -0.018826, -0.999783, -0.001987
Y 0.972603, -0.017853, -0.231623
Z 0.231545, -0.006302, 0.972803

BONE 60
OFFSET 16.826982, 5.850340, 48.647064
SCALE 1.000000, 1.000000, 1.000000
X 0.780321, -0.439682, -0.444735
Y 0.353908, -0.275882, 0.893701
Z -0.515615, -0.854770, -0.059680

BONE 61
OFFSET 16.826704, -5.853770, 48.645485
SCALE 1.000000, 1.000000, 1.000000
X -0.780383, -0.439525, 0.444863
Y -0.353984, -0.276019, -0.893626
Z 0.515539, -0.854804, 0.059766

BONE 62
OFFSET 18.029751, 6.032877, 43.794823
SCALE 1.000000, 1.000000, 1.000000
X -0.508592, -0.843957, 0.170498
Y -0.800278, 0.536410, 0.267989
Z -0.317628, -0.000148, -0.948215

BONE 63
OFFSET 18.029177, -6.037369, 43.793236
SCALE 1.000000, 1.000000, 1.000000
X 0.508507, -0.844035, -0.170364
Y 0.800311, 0.536286, -0.268137
Z 0.317682, 0.000005, 0.948197

BONE 64
OFFSET 18.810154, 5.649186, 44.785500
SCALE 1.000000, 1.000000, 1.000000
X -0.560842, -0.817025, 0.133429
Y -0.794918, 0.576573, 0.188773
Z -0.231168, -0.000185, -0.972834

BONE 65
OFFSET 18.809689, -5.653567, 44.783779
SCALE 1.000000, 1.000000, 1.000000
X 0.560839, -0.817101, -0.133304
Y 0.794959, 0.576465, -0.188929
Z 0.231223, -0.000020, 0.972900

NUMVERTS 3732
VERT 0
OFFSET 18.028061, -8.263609, 45.715408
BONES 1
BONE 30 1.000000

VERT 1
OFFSET 17.827396, -8.440595, 45.765087
BONES 1
BONE 30 1.000000

VERT 2
OFFSET 18.128277, -8.463951, 46.096443
BONES 1
BONE 30 1.000000

VERT 3
OFFSET 17.883064, -8.493937, 46.093037
BONES 1
BONE 30 1.000000

VERT 4
OFFSET 18.552214, -7.502476, 45.572758
BONES 1
BONE 30 1.000000

VERT 5
OFFSET 18.073801, -7.280151, 45.560055
BONES 1
BONE 30 1.000000

VERT 6
OFFSET 18.152992, -7.831172, 45.604740
BONES 1
BONE 30 1.000000

VERT 7
OFFSET 18.238874, -8.122824, 45.714340
BONES 1
BONE 30 1.000000

VERT 8
OFFSET 18.704546, -7.811838, 45.711990
BONES 1
BONE 30 1.000000

VERT 9
OFFSET 18.741024, -7.873894, 46.102898
BONES 1
BONE 30 1.000000

VERT 10
OFFSET 18.300858, -8.337153, 46.098095
BONES 1
BONE 30 1.000000

VERT 11
OFFSET 18.028061, -8.263609, 45.715408
BONES 1
BONE 30 1.000000

VERT 12
OFFSET 18.128277, -8.463951, 46.096443
BONES 1
BONE 30 1.000000

VERT 13
OFFSET 18.126551, -7.943949, 46.702808
BONES 1
BONE 30 1.000000

VERT 14
OFFSET 17.939749, -7.358856, 46.714748
BONES 1
BONE 30 1.000000

VERT 15
OFFSET 18.590338, -7.489332, 46.686024
BONES 1
BONE 30 1.000000

VERT 16
OFFSET 18.731937, -7.843812, 46.470470
BONES 1
BONE 30 1.000000

VERT 17
OFFSET 19.687645, -5.422927, 47.116001
BONES 1
BONE 53 1.000000

VERT 18
OFFSET 19.976824, -5.414723, 47.363274
BONES 1
BONE 53 1.000000

VERT 19
OFFSET 19.861559, -5.063259, 47.431000
BONES 1
BONE 53 1.000000

VERT 20
OFFSET 19.666525, -5.165797, 47.225353
BONES 1
BONE 53 1.000000

VERT 21
OFFSET 19.891724, -5.065723, 47.642990
BONES 1
BONE 53 1.000000

VERT 22
OFFSET 20.032658, -5.384216, 47.648029
BONES 1
BONE 53 1.000000

VERT 23
OFFSET 19.831219, -5.091247, 47.869968
BONES 1
BONE 53 1.000000

VERT 24
OFFSET 19.936293, -5.420930, 47.912128
BONES 1
BONE 53 1.000000

VERT 25
OFFSET 19.704782, -5.113876, 48.049374
BONES 1
BONE 53 1.000000

VERT 26
OFFSET 19.780621, -5.427180, 48.049862
BONES 1
BONE 53 1.000000

VERT 27
OFFSET 19.345255, -5.366382, 48.120674
BONES 1
BONE 53 1.000000

VERT 28
OFFSET 19.377529, -5.141444, 48.082184
BONES 1
BONE 53 1.000000

VERT 29
OFFSET 19.101641, -5.311291, 47.781719
BONES 1
BONE 53 1.000000

VERT 30
OFFSET 19.248257, -5.059082, 47.786781
BONES 1
BONE 53 1.000000

VERT 31
OFFSET 19.469961, -4.960161, 47.829552
BONES 1
BONE 53 1.000000

VERT 32
OFFSET 19.704782, -5.113876, 48.049374
BONES 1
BONE 53 1.000000

VERT 33
OFFSET 19.732363, -5.037291, 47.862949
BONES 1
BONE 53 1.000000

VERT 34
OFFSET 19.831219, -5.091247, 47.869968
BONES 1
BONE 53 1.000000

VERT 35
OFFSET 19.891724, -5.065723, 47.642990
BONES 1
BONE 53 1.000000

VERT 36
OFFSET 19.782021, -5.001039, 47.631504
BONES 1
BONE 53 1.000000

VERT 37
OFFSET 19.861559, -5.063259, 47.431000
BONES 1
BONE 53 1.000000

VERT 38
OFFSET 19.569752, -4.944828, 47.545929
BONES 1
BONE 53 1.000000

VERT 39
OFFSET 19.293093, -4.981332, 47.488926
BONES 1
BONE 53 1.000000

VERT 40
OFFSET 19.145775, -5.271459, 47.395828
BONES 1
BONE 53 1.000000

VERT 41
OFFSET 19.687645, -5.422927, 47.116001
BONES 1
BONE 53 1.000000

VERT 42
OFFSET 19.666525, -5.165797, 47.225353
BONES 1
BONE 53 1.000000

VERT 43
OFFSET 17.432407, -6.164365, 48.337341
BONES 1
BONE 61 1.000000

VERT 44
OFFSET 17.357382, -6.031071, 48.771832
BONES 1
BONE 61 1.000000

VERT 45
OFFSET 17.745041, -5.715494, 48.435146
BONES 1
BONE 61 1.000000

VERT 46
OFFSET 17.751163, -5.836205, 48.112892
BONES 1
BONE 61 1.000000

VERT 47
OFFSET 17.859953, -5.589262, 48.301010
BONES 1
BONE 61 1.000000

VERT 48
OFFSET 17.872389, -5.622829, 48.131069
BONES 1
BONE 61 1.000000

VERT 49
OFFSET 17.768608, -5.324090, 48.392288
BONES 1
BONE 61 1.000000

VERT 50
OFFSET 17.812462, -5.336404, 48.272186
BONES 1
BONE 61 1.000000

VERT 51
OFFSET 17.714087, -5.148870, 48.257751
BONES 1
BONE 61 1.000000

VERT 52
OFFSET 17.645704, -5.154459, 48.380833
BONES 1
BONE 61 1.000000

VERT 53
OFFSET 17.446749, -4.948118, 48.307178
BONES 1
BONE 61 1.000000

VERT 54
OFFSET 17.443033, -5.191883, 48.490875
BONES 1
BONE 61 1.000000

VERT 55
OFFSET 17.621342, -5.417491, 48.545849
BONES 1
BONE 61 1.000000

VERT 56
OFFSET 17.165411, -5.727193, 48.875961
BONES 1
BONE 61 1.000000

VERT 57
OFFSET 16.987221, -5.473636, 48.852169
BONES 1
BONE 61 1.000000

VERT 58
OFFSET 17.271572, -5.026066, 48.384315
BONES 1
BONE 61 1.000000

VERT 59
OFFSET 17.205387, -4.909711, 48.059681
BONES 1
BONE 61 1.000000

VERT 60
OFFSET 17.432407, -6.164365, 48.337341
BONES 1
BONE 61 1.000000

VERT 61
OFFSET 17.212412, -6.000411, 47.898518
BONES 1
BONE 61 1.000000

VERT 62
OFFSET 17.751163, -5.836205, 48.112892
BONES 1
BONE 61 1.000000

VERT 63
OFFSET 17.529465, -5.700400, 47.845161
BONES 1
BONE 61 1.000000

VERT 64
OFFSET 17.872389, -5.622829, 48.131069
BONES 1
BONE 61 1.000000

VERT 65
OFFSET 17.709217, -5.419046, 47.996166
BONES 1
BONE 61 1.000000

VERT 66
OFFSET 17.585949, -5.277082, 47.977299
BONES 1
BONE 61 1.000000

VERT 67
OFFSET 17.361330, -5.431951, 47.854366
BONES 1
BONE 61 1.000000

VERT 68
OFFSET 17.447849, -4.954010, 48.091881
BONES 1
BONE 61 1.000000

VERT 69
OFFSET 17.714087, -5.148870, 48.257751
BONES 1
BONE 61 1.000000

VERT 70
OFFSET 17.679857, -5.159636, 48.161266
BONES 1
BONE 61 1.000000

VERT 71
OFFSET 17.811155, -5.381806, 48.195564
BONES 1
BONE 61 1.000000

VERT 72
OFFSET 17.812462, -5.336404, 48.272186
BONES 1
BONE 61 1.000000

VERT 73
OFFSET 17.859953, -5.589262, 48.301010
BONES 1
BONE 61 1.000000

VERT 74
OFFSET 17.661634, -8.540069, 47.875294
BONES 1
BONE 28 1.000000

VERT 75
OFFSET 17.871027, -8.313474, 47.937584
BONES 1
BONE 28 1.000000

VERT 76
OFFSET 18.035740, -8.162045, 47.949989
BONES 1
BONE 28 1.000000

VERT 77
OFFSET 18.345419, -7.901837, 47.984268
BONES 1
BONE 28 1.000000

VERT 78
OFFSET 18.557497, -8.112870, 47.810421
BONES 1
BONE 28 1.000000

VERT 79
OFFSET 18.165047, -8.347467, 47.760456
BONES 1
BONE 28 1.000000

VERT 80
OFFSET 18.016308, -8.441978, 47.772499
BONES 1
BONE 28 1.000000

VERT 81
OFFSET 18.074234, -8.363177, 46.911301
BONES 1
BONE 28 1.000000

VERT 82
OFFSET 18.217400, -8.281089, 46.939869
BONES 1
BONE 28 1.000000

VERT 83
OFFSET 18.621706, -8.049267, 47.020538
BONES 1
BONE 28 1.000000

VERT 84
OFFSET 18.601479, -8.117409, 47.420139
BONES 1
BONE 28 1.000000

VERT 85
OFFSET 18.310089, -8.479856, 47.348934
BONES 1
BONE 28 1.000000

VERT 86
OFFSET 18.199444, -8.559984, 47.329620
BONES 1
BONE 28 1.000000

VERT 87
OFFSET 15.772004, -9.364192, 47.170433
BONES 1
BONE 24 1.000000

VERT 88
OFFSET 16.504877, -9.399535, 47.066113
BONES 1
BONE 24 1.000000

VERT 89
OFFSET 16.120049, -9.468800, 47.136284
BONES 1
BONE 24 1.000000

VERT 90
OFFSET 15.757466, -9.393400, 46.919941
BONES 1
BONE 24 1.000000

VERT 91
OFFSET 15.026636, -9.551710, 47.031513
BONES 1
BONE 24 1.000000

VERT 92
OFFSET 15.097125, -9.545346, 46.726028
BONES 1
BONE 24 1.000000

VERT 93
OFFSET 15.730541, -9.417220, 46.609234
BONES 1
BONE 24 1.000000

VERT 94
OFFSET 16.100811, -9.492157, 46.857239
BONES 1
BONE 24 1.000000

VERT 95
OFFSET 16.488747, -9.404880, 46.805084
BONES 1
BONE 24 1.000000

VERT 96
OFFSET 16.074921, -9.506132, 46.539581
BONES 1
BONE 24 1.000000

VERT 97
OFFSET 15.683116, -9.414345, 46.253017
BONES 1
BONE 24 1.000000

VERT 98
OFFSET 15.143011, -9.522415, 46.359703
BONES 1
BONE 24 1.000000

VERT 99
OFFSET 16.885048, -9.246040, 46.726402
BONES 1
BONE 24 1.000000

VERT 100
OFFSET 16.466515, -9.427758, 46.473530
BONES 1
BONE 24 1.000000

VERT 101
OFFSET 16.031876, -9.494853, 46.171375
BONES 1
BONE 24 1.000000

VERT 102
OFFSET 15.622981, -9.371745, 45.878891
BONES 1
BONE 24 1.000000

VERT 103
OFFSET 15.155121, -9.483728, 45.971954
BONES 1
BONE 24 1.000000

VERT 104
OFFSET 14.986115, -9.216292, 44.867077
BONES 1
BONE 24 1.000000

VERT 105
OFFSET 16.510006, -9.049447, 45.004070
BONES 1
BONE 24 1.000000

VERT 106
OFFSET 16.654760, -9.109218, 45.328003
BONES 1
BONE 24 1.000000

VERT 107
OFFSET 16.737278, -9.183942, 45.653709
BONES 1
BONE 24 1.000000

VERT 108
OFFSET 16.309326, -9.291498, 45.415928
BONES 1
BONE 24 1.000000

VERT 109
OFFSET 16.378904, -9.356012, 45.710102
BONES 1
BONE 24 1.000000

VERT 110
OFFSET 16.427563, -9.421049, 46.099220
BONES 1
BONE 24 1.000000

VERT 111
OFFSET 15.974711, -9.448483, 45.808205
BONES 1
BONE 24 1.000000

VERT 112
OFFSET 15.909695, -9.376757, 45.482037
BONES 1
BONE 24 1.000000

VERT 113
OFFSET 16.217066, -9.202976, 45.065948
BONES 1
BONE 24 1.000000

VERT 114
OFFSET 15.843204, -9.290255, 45.140308
BONES 1
BONE 24 1.000000

VERT 115
OFFSET 15.501561, -9.216291, 45.237400
BONES 1
BONE 24 1.000000

VERT 116
OFFSET 15.553165, -9.304856, 45.601425
BONES 1
BONE 24 1.000000

VERT 117
OFFSET 15.148214, -9.400934, 45.672653
BONES 1
BONE 24 1.000000

VERT 118
OFFSET 15.113786, -9.310362, 45.304287
BONES 1
BONE 24 1.000000

VERT 119
OFFSET 18.028061, 8.263590, 45.715408
BONES 1
BONE 29 1.000000

VERT 120
OFFSET 17.827396, 8.440576, 45.765087
BONES 1
BONE 29 1.000000

VERT 121
OFFSET 18.128277, 8.463933, 46.096443
BONES 1
BONE 29 1.000000

VERT 122
OFFSET 17.883064, 8.493917, 46.093037
BONES 1
BONE 29 1.000000

VERT 123
OFFSET 18.552214, 7.502458, 45.572758
BONES 1
BONE 29 1.000000

VERT 124
OFFSET 18.073801, 7.280133, 45.560055
BONES 1
BONE 29 1.000000

VERT 125
OFFSET 18.152992, 7.831154, 45.604740
BONES 1
BONE 29 1.000000

VERT 126
OFFSET 18.238874, 8.122806, 45.714340
BONES 1
BONE 29 1.000000

VERT 127
OFFSET 18.704546, 7.811819, 45.711990
BONES 1
BONE 29 1.000000

VERT 128
OFFSET 18.741024, 7.873875, 46.102898
BONES 1
BONE 29 1.000000

VERT 129
OFFSET 18.300858, 8.337135, 46.098095
BONES 1
BONE 29 1.000000

VERT 130
OFFSET 18.028061, 8.263590, 45.715408
BONES 1
BONE 29 1.000000

VERT 131
OFFSET 18.128277, 8.463933, 46.096443
BONES 1
BONE 29 1.000000

VERT 132
OFFSET 18.126551, 7.943931, 46.702808
BONES 1
BONE 29 1.000000

VERT 133
OFFSET 17.939749, 7.358837, 46.714748
BONES 1
BONE 29 1.000000

VERT 134
OFFSET 18.590338, 7.489313, 46.686024
BONES 1
BONE 29 1.000000

VERT 135
OFFSET 18.731937, 7.843793, 46.470470
BONES 1
BONE 29 1.000000

VERT 136
OFFSET 19.687645, 5.422908, 47.116001
BONES 1
BONE 52 1.000000

VERT 137
OFFSET 19.976824, 5.414705, 47.363274
BONES 1
BONE 52 1.000000

VERT 138
OFFSET 19.861559, 5.063240, 47.431000
BONES 1
BONE 52 1.000000

VERT 139
OFFSET 19.666525, 5.165778, 47.225353
BONES 1
BONE 52 1.000000

VERT 140
OFFSET 19.891724, 5.065705, 47.642990
BONES 1
BONE 52 1.000000

VERT 141
OFFSET 20.032658, 5.384197, 47.648029
BONES 1
BONE 52 1.000000

VERT 142
OFFSET 19.831219, 5.091228, 47.869968
BONES 1
BONE 52 1.000000

VERT 143
OFFSET 19.936293, 5.420912, 47.912128
BONES 1
BONE 52 1.000000

VERT 144
OFFSET 19.704782, 5.113858, 48.049374
BONES 1
BONE 52 1.000000

VERT 145
OFFSET 19.780621, 5.427162, 48.049862
BONES 1
BONE 52 1.000000

VERT 146
OFFSET 19.345255, 5.366364, 48.120674
BONES 1
BONE 52 1.000000

VERT 147
OFFSET 19.377529, 5.141426, 48.082184
BONES 1
BONE 52 1.000000

VERT 148
OFFSET 19.101641, 5.311273, 47.781719
BONES 1
BONE 52 1.000000

VERT 149
OFFSET 19.248257, 5.059063, 47.786781
BONES 1
BONE 52 1.000000

VERT 150
OFFSET 19.469961, 4.960143, 47.829552
BONES 1
BONE 52 1.000000

VERT 151
OFFSET 19.704782, 5.113858, 48.049374
BONES 1
BONE 52 1.000000

VERT 152
OFFSET 19.732363, 5.037272, 47.862949
BONES 1
BONE 52 1.000000

VERT 153
OFFSET 19.831219, 5.091228, 47.869968
BONES 1
BONE 52 1.000000

VERT 154
OFFSET 19.891724, 5.065705, 47.642990
BONES 1
BONE 52 1.000000

VERT 155
OFFSET 19.782021, 5.001020, 47.631504
BONES 1
BONE 52 1.000000

VERT 156
OFFSET 19.861559, 5.063240, 47.431000
BONES 1
BONE 52 1.000000

VERT 157
OFFSET 19.569752, 4.944809, 47.545929
BONES 1
BONE 52 1.000000

VERT 158
OFFSET 19.293093, 4.981314, 47.488926
BONES 1
BONE 52 1.000000

VERT 159
OFFSET 19.145775, 5.271440, 47.395828
BONES 1
BONE 52 1.000000

VERT 160
OFFSET 19.687645, 5.422908, 47.116001
BONES 1
BONE 52 1.000000

VERT 161
OFFSET 19.666525, 5.165778, 47.225353
BONES 1
BONE 52 1.000000

VERT 162
OFFSET 17.432407, 6.164347, 48.337341
BONES 1
BONE 60 1.000000

VERT 163
OFFSET 17.357382, 6.031053, 48.771832
BONES 1
BONE 60 1.000000

VERT 164
OFFSET 17.745041, 5.715475, 48.435146
BONES 1
BONE 60 1.000000

VERT 165
OFFSET 17.751163, 5.836186, 48.112892
BONES 1
BONE 60 1.000000

VERT 166
OFFSET 17.859953, 5.589244, 48.301010
BONES 1
BONE 60 1.000000

VERT 167
OFFSET 17.872389, 5.622811, 48.131069
BONES 1
BONE 60 1.000000

VERT 168
OFFSET 17.768608, 5.324071, 48.392288
BONES 1
BONE 60 1.000000

VERT 169
OFFSET 17.812462, 5.336386, 48.272186
BONES 1
BONE 60 1.000000

VERT 170
OFFSET 17.714087, 5.148851, 48.257751
BONES 1
BONE 60 1.000000

VERT 171
OFFSET 17.645704, 5.154441, 48.380833
BONES 1
BONE 60 1.000000

VERT 172
OFFSET 17.446749, 4.948100, 48.307178
BONES 1
BONE 60 1.000000

VERT 173
OFFSET 17.443033, 5.191864, 48.490875
BONES 1
BONE 60 1.000000

VERT 174
OFFSET 17.621342, 5.417473, 48.545849
BONES 1
BONE 60 1.000000

VERT 175
OFFSET 17.165411, 5.727175, 48.875961
BONES 1
BONE 60 1.000000

VERT 176
OFFSET 16.987221, 5.473618, 48.852169
BONES 1
BONE 60 1.000000

VERT 177
OFFSET 17.271572, 5.026048, 48.384315
BONES 1
BONE 60 1.000000

VERT 178
OFFSET 17.205387, 4.909693, 48.059681
BONES 1
BONE 60 1.000000

VERT 179
OFFSET 17.212412, 6.000392, 47.898518
BONES 1
BONE 60 1.000000

VERT 180
OFFSET 17.361330, 5.431932, 47.854366
BONES 1
BONE 60 1.000000

VERT 181
OFFSET 17.447849, 4.953991, 48.091881
BONES 1
BONE 60 1.000000

VERT 182
OFFSET 17.714087, 5.148851, 48.257751
BONES 1
BONE 60 1.000000

VERT 183
OFFSET 17.679857, 5.159617, 48.161266
BONES 1
BONE 60 1.000000

VERT 184
OFFSET 17.811155, 5.381788, 48.195564
BONES 1
BONE 60 1.000000

VERT 185
OFFSET 17.812462, 5.336386, 48.272186
BONES 1
BONE 60 1.000000

VERT 186
OFFSET 17.872389, 5.622811, 48.131069
BONES 1
BONE 60 1.000000

VERT 187
OFFSET 17.859953, 5.589244, 48.301010
BONES 1
BONE 60 1.000000

VERT 188
OFFSET 17.709217, 5.419027, 47.996166
BONES 1
BONE 60 1.000000

VERT 189
OFFSET 17.585949, 5.277064, 47.977299
BONES 1
BONE 60 1.000000

VERT 190
OFFSET 17.529465, 5.700382, 47.845161
BONES 1
BONE 60 1.000000

VERT 191
OFFSET 17.751163, 5.836186, 48.112892
BONES 1
BONE 60 1.000000

VERT 192
OFFSET 17.432407, 6.164347, 48.337341
BONES 1
BONE 60 1.000000

VERT 193
OFFSET 17.871027, 8.313455, 47.937584
BONES 1
BONE 27 1.000000

VERT 194
OFFSET 18.035740, 8.162026, 47.949989
BONES 1
BONE 27 1.000000

VERT 195
OFFSET 18.345419, 7.901819, 47.984268
BONES 1
BONE 27 1.000000

VERT 196
OFFSET 18.557497, 8.112851, 47.810421
BONES 1
BONE 27 1.000000

VERT 197
OFFSET 18.165047, 8.347449, 47.760456
BONES 1
BONE 27 1.000000

VERT 198
OFFSET 18.016308, 8.441959, 47.772499
BONES 1
BONE 27 1.000000

VERT 199
OFFSET 18.199444, 8.559965, 47.329620
BONES 1
BONE 27 1.000000

VERT 200
OFFSET 18.310089, 8.479837, 47.348934
BONES 1
BONE 27 1.000000

VERT 201
OFFSET 18.601479, 8.117390, 47.420139
BONES 1
BONE 27 1.000000

VERT 202
OFFSET 18.621706, 8.049248, 47.020538
BONES 1
BONE 27 1.000000

VERT 203
OFFSET 18.217400, 8.281070, 46.939869
BONES 1
BONE 27 1.000000

VERT 204
OFFSET 18.074234, 8.363158, 46.911301
BONES 1
BONE 27 1.000000

VERT 205
OFFSET 16.885048, 9.246021, 46.726402
BONES 1
BONE 23 1.000000

VERT 206
OFFSET 16.488747, 9.404861, 46.805084
BONES 1
BONE 23 1.000000

VERT 207
OFFSET 16.466515, 9.427740, 46.473530
BONES 1
BONE 23 1.000000

VERT 208
OFFSET 16.427563, 9.421030, 46.099220
BONES 1
BONE 23 1.000000

VERT 209
OFFSET 14.986115, 9.216273, 44.867077
BONES 1
BONE 23 1.000000

VERT 210
OFFSET 15.113786, 9.310343, 45.304287
BONES 1
BONE 23 1.000000

VERT 211
OFFSET 15.501561, 9.216272, 45.237400
BONES 1
BONE 23 1.000000

VERT 212
OFFSET 15.843204, 9.290236, 45.140308
BONES 1
BONE 23 1.000000

VERT 213
OFFSET 15.909695, 9.376738, 45.482037
BONES 1
BONE 23 1.000000

VERT 214
OFFSET 15.974711, 9.448463, 45.808205
BONES 1
BONE 23 1.000000

VERT 215
OFFSET 16.031876, 9.494834, 46.171375
BONES 1
BONE 23 1.000000

VERT 216
OFFSET 16.074921, 9.506113, 46.539581
BONES 1
BONE 23 1.000000

VERT 217
OFFSET 16.100811, 9.492138, 46.857239
BONES 1
BONE 23 1.000000

VERT 218
OFFSET 16.504877, 9.399516, 47.066113
BONES 1
BONE 23 1.000000

VERT 219
OFFSET 16.120049, 9.468781, 47.136284
BONES 1
BONE 23 1.000000

VERT 220
OFFSET 15.757466, 9.393382, 46.919941
BONES 1
BONE 23 1.000000

VERT 221
OFFSET 15.730541, 9.417201, 46.609234
BONES 1
BONE 23 1.000000

VERT 222
OFFSET 15.683116, 9.414326, 46.253017
BONES 1
BONE 23 1.000000

VERT 223
OFFSET 15.622981, 9.371726, 45.878891
BONES 1
BONE 23 1.000000

VERT 224
OFFSET 15.553165, 9.304837, 45.601425
BONES 1
BONE 23 1.000000

VERT 225
OFFSET 15.148214, 9.400916, 45.672653
BONES 1
BONE 23 1.000000

VERT 226
OFFSET 15.155121, 9.483710, 45.971954
BONES 1
BONE 23 1.000000

VERT 227
OFFSET 15.143011, 9.522396, 46.359703
BONES 1
BONE 23 1.000000

VERT 228
OFFSET 15.097125, 9.545328, 46.726028
BONES 1
BONE 23 1.000000

VERT 229
OFFSET 15.026636, 9.551692, 47.031513
BONES 1
BONE 23 1.000000

VERT 230
OFFSET 15.772004, 9.364173, 47.170433
BONES 1
BONE 23 1.000000

VERT 231
OFFSET 18.552034, 4.686383, 45.760750
BONES 1
BONE 54 1.000000

VERT 232
OFFSET 18.698500, 4.586573, 45.776951
BONES 1
BONE 54 1.000000

VERT 233
OFFSET 18.551325, 4.833956, 45.649494
BONES 1
BONE 54 1.000000

VERT 234
OFFSET 18.877449, 4.737199, 45.676765
BONES 1
BONE 54 1.000000

VERT 235
OFFSET 19.067741, 4.639676, 46.001667
BONES 1
BONE 54 1.000000

VERT 236
OFFSET 18.844969, 4.501676, 46.046921
BONES 1
BONE 54 1.000000

VERT 237
OFFSET 19.097851, 4.635315, 46.320091
BONES 1
BONE 54 1.000000

VERT 238
OFFSET 18.850798, 4.525099, 46.303757
BONES 1
BONE 54 1.000000

VERT 239
OFFSET 18.861742, 4.747911, 46.589825
BONES 1
BONE 54 1.000000

VERT 240
OFFSET 18.690897, 4.616272, 46.512695
BONES 1
BONE 54 1.000000

VERT 241
OFFSET 18.630413, 4.892991, 46.684273
BONES 1
BONE 54 1.000000

VERT 242
OFFSET 18.553982, 4.717929, 46.559528
BONES 1
BONE 54 1.000000

VERT 243
OFFSET 18.410006, 4.796371, 46.416882
BONES 1
BONE 54 1.000000

VERT 244
OFFSET 18.524101, 4.628685, 46.361408
BONES 1
BONE 54 1.000000

VERT 245
OFFSET 18.606007, 4.579885, 46.320736
BONES 1
BONE 54 1.000000

VERT 246
OFFSET 18.690897, 4.616272, 46.512695
BONES 1
BONE 54 1.000000

VERT 247
OFFSET 18.850798, 4.525099, 46.303757
BONES 1
BONE 54 1.000000

VERT 248
OFFSET 18.616903, 4.545719, 46.110573
BONES 1
BONE 54 1.000000

VERT 249
OFFSET 18.844969, 4.501676, 46.046921
BONES 1
BONE 54 1.000000

VERT 250
OFFSET 18.698500, 4.586573, 45.776951
BONES 1
BONE 54 1.000000

VERT 251
OFFSET 18.552034, 4.686383, 45.760750
BONES 1
BONE 54 1.000000

VERT 252
OFFSET 18.543409, 4.591757, 46.066895
BONES 1
BONE 54 1.000000

VERT 253
OFFSET 18.391556, 4.780230, 46.004101
BONES 1
BONE 54 1.000000

VERT 254
OFFSET 18.551325, 4.833956, 45.649494
BONES 1
BONE 54 1.000000

VERT 255
OFFSET 18.403543, 5.051414, 46.430069
BONES 1
BONE 54 1.000000

VERT 256
OFFSET 18.435776, 5.067514, 45.936535
BONES 1
BONE 54 1.000000

VERT 257
OFFSET 19.269835, 6.192330, 45.597973
BONES 1
BONE 44 1.000000

VERT 258
OFFSET 19.533401, 6.800965, 45.748371
BONES 1
BONE 44 1.000000

VERT 259
OFFSET 19.586983, 6.244197, 45.757587
BONES 1
BONE 44 1.000000

VERT 260
OFFSET 19.681475, 6.255042, 46.069576
BONES 1
BONE 44 1.000000

VERT 261
OFFSET 19.633247, 6.858108, 46.138023
BONES 1
BONE 44 1.000000

VERT 262
OFFSET 19.605408, 6.862966, 46.497204
BONES 1
BONE 44 1.000000

VERT 263
OFFSET 19.644426, 6.255667, 46.521530
BONES 1
BONE 44 1.000000

VERT 264
OFFSET 18.552034, -4.686402, 45.760750
BONES 1
BONE 55 1.000000

VERT 265
OFFSET 18.551325, -4.833974, 45.649494
BONES 1
BONE 55 1.000000

VERT 266
OFFSET 18.698500, -4.586591, 45.776951
BONES 1
BONE 55 1.000000

VERT 267
OFFSET 18.877449, -4.737217, 45.676765
BONES 1
BONE 55 1.000000

VERT 268
OFFSET 19.067741, -4.639694, 46.001667
BONES 1
BONE 55 1.000000

VERT 269
OFFSET 18.844969, -4.501695, 46.046921
BONES 1
BONE 55 1.000000

VERT 270
OFFSET 19.097851, -4.635334, 46.320091
BONES 1
BONE 55 1.000000

VERT 271
OFFSET 18.861742, -4.747930, 46.589825
BONES 1
BONE 55 1.000000

VERT 272
OFFSET 18.850798, -4.525117, 46.303757
BONES 1
BONE 55 1.000000

VERT 273
OFFSET 18.690897, -4.616291, 46.512695
BONES 1
BONE 55 1.000000

VERT 274
OFFSET 18.630413, -4.893010, 46.684273
BONES 1
BONE 55 1.000000

VERT 275
OFFSET 18.553982, -4.717947, 46.559528
BONES 1
BONE 55 1.000000

VERT 276
OFFSET 18.410006, -4.796390, 46.416882
BONES 1
BONE 55 1.000000

VERT 277
OFFSET 18.524101, -4.628703, 46.361408
BONES 1
BONE 55 1.000000

VERT 278
OFFSET 18.606007, -4.579904, 46.320736
BONES 1
BONE 55 1.000000

VERT 279
OFFSET 18.690897, -4.616291, 46.512695
BONES 1
BONE 55 1.000000

VERT 280
OFFSET 18.850798, -4.525117, 46.303757
BONES 1
BONE 55 1.000000

VERT 281
OFFSET 18.616903, -4.545737, 46.110573
BONES 1
BONE 55 1.000000

VERT 282
OFFSET 18.844969, -4.501695, 46.046921
BONES 1
BONE 55 1.000000

VERT 283
OFFSET 18.698500, -4.586591, 45.776951
BONES 1
BONE 55 1.000000

VERT 284
OFFSET 18.552034, -4.686402, 45.760750
BONES 1
BONE 55 1.000000

VERT 285
OFFSET 18.543409, -4.591775, 46.066895
BONES 1
BONE 55 1.000000

VERT 286
OFFSET 18.391556, -4.780249, 46.004101
BONES 1
BONE 55 1.000000

VERT 287
OFFSET 18.551325, -4.833974, 45.649494
BONES 1
BONE 55 1.000000

VERT 288
OFFSET 18.403543, -5.051432, 46.430069
BONES 1
BONE 55 1.000000

VERT 289
OFFSET 18.435776, -5.067533, 45.936535
BONES 1
BONE 55 1.000000

VERT 290
OFFSET 19.269835, -6.192349, 45.597973
BONES 1
BONE 45 1.000000

VERT 291
OFFSET 19.533401, -6.800984, 45.748371
BONES 1
BONE 45 1.000000

VERT 292
OFFSET 19.586983, -6.244215, 45.757587
BONES 1
BONE 45 1.000000

VERT 293
OFFSET 19.681475, -6.255060, 46.069576
BONES 1
BONE 45 1.000000

VERT 294
OFFSET 19.633247, -6.858127, 46.138023
BONES 1
BONE 45 1.000000

VERT 295
OFFSET 19.605408, -6.862985, 46.497204
BONES 1
BONE 45 1.000000

VERT 296
OFFSET 19.644426, -6.255686, 46.521530
BONES 1
BONE 45 1.000000

VERT 297
OFFSET 18.191271, 5.057727, 44.420456
BONES 1
BONE 64 1.000000

VERT 298
OFFSET 17.958914, 5.193272, 44.697388
BONES 1
BONE 64 1.000000

VERT 299
OFFSET 17.882618, 4.906447, 44.686554
BONES 1
BONE 64 1.000000

VERT 300
OFFSET 18.046019, 4.861948, 44.522232
BONES 1
BONE 64 1.000000

VERT 301
OFFSET 18.017044, 4.724262, 44.757736
BONES 1
BONE 64 1.000000

VERT 302
OFFSET 18.252798, 4.796557, 44.469643
BONES 1
BONE 64 1.000000

VERT 303
OFFSET 18.278313, 4.692019, 44.687366
BONES 1
BONE 64 1.000000

VERT 304
OFFSET 18.449577, 4.724338, 44.616703
BONES 1
BONE 64 1.000000

VERT 305
OFFSET 18.555685, 4.674176, 44.940548
BONES 1
BONE 64 1.000000

VERT 306
OFFSET 18.334805, 4.666470, 44.967995
BONES 1
BONE 64 1.000000

VERT 307
OFFSET 18.096344, 4.719412, 45.149265
BONES 1
BONE 64 1.000000

VERT 308
OFFSET 18.015133, 4.918391, 45.156826
BONES 1
BONE 64 1.000000

VERT 309
OFFSET 18.001776, 5.198296, 45.160725
BONES 1
BONE 64 1.000000

VERT 310
OFFSET 18.460045, 5.016353, 44.417667
BONES 1
BONE 64 1.000000

VERT 311
OFFSET 18.191271, 5.057727, 44.420456
BONES 1
BONE 64 1.000000

VERT 312
OFFSET 18.046019, 4.861948, 44.522232
BONES 1
BONE 64 1.000000

VERT 313
OFFSET 18.252798, 4.796557, 44.469643
BONES 1
BONE 64 1.000000

VERT 314
OFFSET 18.589024, 4.942833, 44.437725
BONES 1
BONE 64 1.000000

VERT 315
OFFSET 18.597372, 4.984810, 45.143734
BONES 1
BONE 64 1.000000

VERT 316
OFFSET 18.436922, 5.049208, 45.300484
BONES 1
BONE 64 1.000000

VERT 317
OFFSET 18.323420, 4.834766, 45.244350
BONES 1
BONE 64 1.000000

VERT 318
OFFSET 18.427120, 4.743515, 45.108658
BONES 1
BONE 64 1.000000

VERT 319
OFFSET 18.789139, 4.895407, 44.929325
BONES 1
BONE 64 1.000000

VERT 320
OFFSET 18.449577, 4.724338, 44.616703
BONES 1
BONE 64 1.000000

VERT 321
OFFSET 18.555685, 4.674176, 44.940548
BONES 1
BONE 64 1.000000

VERT 322
OFFSET 18.427120, 4.743515, 45.108658
BONES 1
BONE 64 1.000000

VERT 323
OFFSET 18.191271, -5.057745, 44.420456
BONES 1
BONE 65 1.000000

VERT 324
OFFSET 17.958914, -5.193290, 44.697388
BONES 1
BONE 65 1.000000

VERT 325
OFFSET 17.882618, -4.906466, 44.686554
BONES 1
BONE 65 1.000000

VERT 326
OFFSET 18.046019, -4.861966, 44.522232
BONES 1
BONE 65 1.000000

VERT 327
OFFSET 18.017044, -4.724281, 44.757736
BONES 1
BONE 65 1.000000

VERT 328
OFFSET 18.252798, -4.796575, 44.469643
BONES 1
BONE 65 1.000000

VERT 329
OFFSET 18.278313, -4.692038, 44.687366
BONES 1
BONE 65 1.000000

VERT 330
OFFSET 18.449577, -4.724356, 44.616703
BONES 1
BONE 65 1.000000

VERT 331
OFFSET 18.555685, -4.674194, 44.940548
BONES 1
BONE 65 1.000000

VERT 332
OFFSET 18.334805, -4.666488, 44.967995
BONES 1
BONE 65 1.000000

VERT 333
OFFSET 18.096344, -4.719430, 45.149265
BONES 1
BONE 65 1.000000

VERT 334
OFFSET 18.015133, -4.918410, 45.156826
BONES 1
BONE 65 1.000000

VERT 335
OFFSET 18.001776, -5.198314, 45.160725
BONES 1
BONE 65 1.000000

VERT 336
OFFSET 18.460045, -5.016372, 44.417667
BONES 1
BONE 65 1.000000

VERT 337
OFFSET 18.191271, -5.057745, 44.420456
BONES 1
BONE 65 1.000000

VERT 338
OFFSET 18.046019, -4.861966, 44.522232
BONES 1
BONE 65 1.000000

VERT 339
OFFSET 18.252798, -4.796575, 44.469643
BONES 1
BONE 65 1.000000

VERT 340
OFFSET 18.589024, -4.942852, 44.437725
BONES 1
BONE 65 1.000000

VERT 341
OFFSET 18.597372, -4.984828, 45.143734
BONES 1
BONE 65 1.000000

VERT 342
OFFSET 18.436922, -5.049227, 45.300484
BONES 1
BONE 65 1.000000

VERT 343
OFFSET 18.323420, -4.834785, 45.244350
BONES 1
BONE 65 1.000000

VERT 344
OFFSET 18.427120, -4.743533, 45.108658
BONES 1
BONE 65 1.000000

VERT 345
OFFSET 18.789139, -4.895425, 44.929325
BONES 1
BONE 65 1.000000

VERT 346
OFFSET 18.449577, -4.724356, 44.616703
BONES 1
BONE 65 1.000000

VERT 347
OFFSET 18.555685, -4.674194, 44.940548
BONES 1
BONE 65 1.000000

VERT 348
OFFSET 18.427120, -4.743533, 45.108658
BONES 1
BONE 65 1.000000

VERT 349
OFFSET 17.387400, 7.630309, 43.628036
BONES 1
BONE 46 1.000000

VERT 350
OFFSET 17.040058, 7.872381, 43.722050
BONES 1
BONE 46 1.000000

VERT 351
OFFSET 17.251579, 7.433733, 43.512272
BONES 1
BONE 46 1.000000

VERT 352
OFFSET 17.413673, 5.985051, 43.683895
BONES 1
BONE 62 1.000000

VERT 353
OFFSET 17.501501, 5.536864, 43.545101
BONES 1
BONE 62 1.000000

VERT 354
OFFSET 17.323895, 5.638391, 43.814762
BONES 1
BONE 62 1.000000

VERT 355
OFFSET 17.317513, 5.387106, 43.909821
BONES 1
BONE 62 1.000000

VERT 356
OFFSET 17.435211, 5.326921, 43.658489
BONES 1
BONE 62 1.000000

VERT 357
OFFSET 17.459003, 5.216912, 43.874325
BONES 1
BONE 62 1.000000

VERT 358
OFFSET 17.609911, 5.156788, 43.879200
BONES 1
